%	Data from Pope >380
%	Data from Sogandares < 380

Sogandares:
340.0 350.0 360.0 370.0 380.0

Pope:
380.0 382.5 385.0 387.5 390.0 392.5 395.0 397.5 400.0 402.5 405.0 407.5 410.0 412.5 415.0 417.5 420.0 422.5 425.0 427.5 430.0 432.5 435.0 437.5 440.0 442.5 445.0 447.5 450.0 452.5 455.0 457.5 460.0 462.5 465.0 467.5 470.0 472.5 475.0 477.5 480.0 482.5 485.0 487.5 490.0 492.5 495.0 497.5 500.0 502.5 505.0 507.5 510.0 512.5 515.0 517.5 520.0 522.5 525.0 527.5 530.0 532.5 535.0 537.5 540.0 542.5 545.0 547.5 550.0 552.5 555.0 557.5 560.0 562.5 565.0 567.5 570.0 572.5 575.0 577.5 580.0 582.5 585.0 587.5 590.0 592.5 595.0 597.5 600.0 602.5 605.0 607.5 610.0 612.5 615.0 617.5 620.0 622.5 625.0 627.5 630.0 632.5 635.0 637.5 640.0 642.5 645.0 647.5 650.0 652.5 655.0 657.5 660.0 662.5 665.0 667.5 670.0 672.5 675.0 677.5 680.0 682.5 685.0 687.5 690.0 692.5 695.0 697.5 700.0 702.5 705.0 707.5 710.0 712.5 715.0 717.5 720.0 722.5 725.0 727.5

Sogandares:
0.0325 0.0204 0.0156 0.0114 0.0100

Pope:
0.01137 0.01044 0.00941 0.00917 0.00851 0.00829 0.00813 0.00775 0.00663 0.00579 0.00530 0.00503 0.00473 0.00452 0.00444 0.00442 0.00454 0.00474 0.00478 0.00482 0.00495 0.00504 0.00530 0.00580 0.00635 0.00696 0.00751 0.00830 0.00922 0.00969 0.00962 0.00957 0.00979 0.01005 0.01011 0.0102 0.0106 0.0109 0.0114 0.0121 0.0127 0.0131 0.0136 0.0144 0.0150 0.0162 0.0173 0.0191 0.0204 0.0228 0.0256 0.0280 0.0325 0.0372 0.0396 0.0399 0.0409 0.0416 0.0417 0.0428 0.0434 0.0447 0.0452 0.0466 0.0474 0.0489 0.0511 0.0537 0.0565 0.0593 0.0596 0.0606 0.0619 0.0640 0.0642 0.0672 0.0695 0.0733 0.0772 0.0836 0.0896 0.0989 0.1100 0.1220 0.1351 0.1516 0.1672 0.1925 0.2224 0.2470 0.2577 0.2629 0.2644 0.2665 0.2678 0.2707 0.2755 0.2810 0.2834 0.2904 0.2916 0.2995 0.3012 0.3077 0.3108 0.322 0.325 0.335 0.340 0.358 0.371 0.393 0.410 0.424 0.429 0.436 0.439 0.448 0.448 0.461 0.465 0.478 0.486 0.502 0.516 0.538 0.559 0.592 0.624 0.663 0.704 0.756 0.827 0.914 1.007 1.119 1.231 1.356 1.489 1.678